1
root
512
0
0
-1
-1
-1
5
-1
-1
-1
-1
-1
-1
-1
3
even.xsm
186
0
-1
-1
-1
-1
69
-1
-1
-1
-1
-1
-1
-1
3
odd.xsm
186
0
-1
-1
-1
-1
70
-1
-1
-1
-1
-1
-1
-1
3
test3.xsm
588
0
-1
-1
-1
-1
71
72
-1
-1
-1
-1
-1
-1
3
primes.xsm
250
0
-1
-1
-1
-1
73
-1
-1
-1
-1
-1
-1
-1
3
pid.xsm
130
0
-1
-1
-1
-1
74
-1
-1
-1
-1
-1
-1
-1
3
forks.xsm
192
0
-1
-1
-1
-1
75
-1
-1
-1
-1
-1
-1
-1
3
merge1.xsm
1150
0
-1
-1
-1
-1
76
77
79
-1
-1
-1
-1
-1
3
parent.xsm
280
0
-1
-1
-1
-1
78
-1
-1
-1
-1
-1
-1
-1
3
merge2.xsm
1934
0
-1
-1
-1
-1
80
81
82
83
-1
-1
-1
-1
3
readwrit.xsm
990
0
-1
-1
-1
-1
84
85
-1
-1
-1
-1
-1
-1
3
child.xsm
328
0
-1
-1
-1
-1
86
-1
-1
-1
-1
-1
-1
-1
2
numbers.dat
2046
1
1
-1
-1
-1
160
161
162
163
-1
-1
-1
-1
3
create.xsm
424
0
-1
-1
-1
-1
88
-1
-1
-1
-1
-1
-1
-1
3
delete.xsm
306
0
-1
-1
-1
-1
89
-1
-1
-1
-1
-1
-1
-1
3
fileread.xsm
378
0
-1
-1
-1
-1
164
-1
-1
-1
-1
-1
-1
-1
3
24_2.xsm
514
0
-1
-1
-1
-1
165
166
-1
-1
-1
-1
-1
-1
2
sample.dat
18
1
1
-1
-1
-1
167
-1
-1
-1
-1
-1
-1
-1
3
25_3.xsm
1014
0
-1
-1
-1
-1
168
169
-1
-1
-1
-1
-1
-1
3
25_4.xsm
2046
0
-1
-1
-1
-1
170
171
172
173
-1
-1
-1
-1
3
25_1.xsm
714
0
-1
-1
-1
-1
175
176
-1
-1
-1
-1
-1
-1
3
ls.xsm
286
0
-1
-1
-1
-1
183
-1
-1
-1
-1
-1
-1
-1
3
25_2.xsm
636
0
-1
-1
-1
-1
180
181
-1
-1
-1
-1
-1
-1
3
rm.xsm
344
0
-1
-1
-1
-1
184
-1
-1
-1
-1
-1
-1
-1
3
cat.xsm
566
0
-1
-1
-1
-1
185
186
-1
-1
-1
-1
-1
-1
3
cp.xsm
1148
0
-1
-1
-1
-1
187
188
189
-1
-1
-1
-1
-1
-1
-1
0
-1
-1
-1
-1
-1
-1
-1
-1
-1
-1
-1
-1
-1
-1
-1
0
-1
-1
-1
-1
-1
-1
-1
-1
-1
-1
-1
-1
-1
-1
-1
0
-1
-1
-1
-1
-1
-1
-1
-1
-1
-1
-1
-1
-1
-1
-1
0
-1
-1
-1
-1
-1
-1
-1
-1
-1
-1
-1
-1
-1
-1
-1
0
-1
-1
-1
-1
-1
-1
-1
-1
-1
-1
-1
-1
-1
-1
-1
0
-1
-1
-1
-1
-1
-1
-1
-1
-1
-1
-1
-1
-1
-1
-1
0
-1
-1
-1
-1
-1
-1
-1
-1
-1
-1
-1
-1
-1
-1
-1
0
-1
-1
-1
-1
-1
-1
-1
-1
-1
-1
-1
-1
-1
-1
-1
0
-1
-1
-1
-1
-1
-1
-1
-1
-1
-1
-1
-1
-1
-1
-1
0
-1
-1
-1
-1
-1
-1
-1
-1
-1
-1
-1
-1
-1
-1
-1
0
-1
-1
-1
-1
-1
-1
-1
-1
-1
-1
-1
-1
-1
-1
-1
0
-1
-1
-1
-1
-1
-1
-1
-1
-1
-1
-1
-1
-1
-1
-1
0
-1
-1
-1
-1
-1
-1
-1
-1
-1
-1
-1
-1
-1
-1
-1
0
-1
-1
-1
-1
-1
-1
-1
-1
-1
-1
-1
-1
-1
-1
-1
0
-1
-1
-1
-1
-1
-1
-1
-1
-1
-1
-1
-1
-1
-1
-1
0
-1
-1
-1
-1
-1
-1
-1
-1
-1
-1
-1
-1
-1
-1
-1
0
-1
-1
-1
-1
-1
-1
-1
-1
-1
-1
-1
-1
-1
-1
-1
0
-1
-1
-1
-1
-1
-1
-1
-1
-1
-1
-1
-1
-1
-1
-1
0
-1
-1
-1
-1
-1
-1
-1
-1
-1
-1
-1
-1
-1
-1
-1
0
-1
-1
-1
-1
-1
-1
-1
-1
-1
-1
-1
-1
-1
-1
-1
0
-1
-1
-1
-1
-1
-1
-1
-1
-1
-1
-1
-1
-1
-1
-1
0
-1
-1
-1
-1
-1
-1
-1
-1
-1
-1
-1
-1
-1
-1
-1
0
-1
-1
-1
-1
-1
-1
-1
-1
-1
-1
-1
-1
-1
-1
-1
0
-1
-1
-1
-1
-1
-1
-1
-1
-1
-1
-1
-1
-1
-1
-1
0
-1
-1
-1
-1
-1
-1
-1
-1
-1
-1
-1
-1
-1
-1
-1
0
-1
-1
-1
-1
-1
-1
-1
-1
-1
-1
-1
-1
-1
-1
-1
0
-1
-1
-1
-1
-1
-1
-1
-1
-1
-1
-1
-1
-1
-1
-1
0
-1
-1
-1
-1
-1
-1
-1
-1
-1
-1
-1
-1
-1
-1
-1
0
-1
-1
-1
-1
-1
-1
-1
-1
-1
-1
-1
-1
-1
-1
-1
0
-1
-1
-1
-1
-1
-1
-1
-1
-1
-1
-1
-1
-1
-1
-1
0
-1
-1
-1
-1
-1
-1
-1
-1
-1
-1
-1
-1
-1
-1
-1
0
-1
-1
-1
-1
-1
-1
-1
-1
-1
-1
-1
-1
-1
-1
-1
0
-1
-1
-1
-1
-1
-1
-1
-1
-1
-1
-1
-1
-1
-1
-1
0
-1
-1
-1
-1
-1
-1
-1
-1
-1
-1
-1
-1
-1
kernel
-1
root
452
-1
-1
-1
-1
-1
-1
-1
-1
-1
-1
-1
-1
-1
-1
-1
-1
-1
-1
-1
-1
-1
-1
-1
-1
-1
-1
-1
-1
-1
-1
-1
-1
-1
-1
-1
-1
-1
-1
-1
-1
-1
-1
-1
-1
-1
-1
-1
-1
-1
-1
-1
-1
-1
-1
-1
-1
-1
-1
-1
-1
